X0: -50.780087490693056 
Y0: -1.1060568220070899 
Z0: -56.48766320812529 
a: 0.9839597027831997 
b: 1.0202871851810535 
c: 1.1026011600982442
A:-3.80	B:0.09	C:-0.09
D:0.19	E:3.42	F:0.04
G:-0.11	H:-0.08	I:3.51